4 10 5 10 5
4 14 5 11 5
4 14 13 11 7
5 18 5 10 20 9
5 26 5 10 21 9
5 28 28 3 3 3
5 24 24 24 23 15
5 18 29 10 22 11
5 28 28 19 3 7
5 26 25 24 23 15
5 26 21 26 21 15
5 26 29 26 23 15
5 30 29 27 23 15
6 34 5 10 20 40 17
6 36 12 11 22 40 17
6 42 5 10 21 40 17
6 50 5 10 52 9 9
6 54 5 43 20 9 5
6 48 48 48 48 15 15
6 34 5 58 20 44 21
6 38 29 3 18 42 17
6 58 5 42 21 9 5
6 18 37 10 52 41 26
6 34 37 26 20 44 19
6 50 37 42 20 9 7
6 34 21 42 20 42 21
6 48 48 48 48 47 31
6 62 5 43 21 9 5
6 54 29 3 18 43 17
6 38 61 3 18 42 19
6 58 37 10 53 9 11
6 60 12 11 23 41 17
6 44 12 27 23 44 17
6 54 37 43 20 9 7
6 52 48 49 48 15 15
6 50 5 42 52 41 29
6 58 37 42 21 9 7
6 42 5 58 21 44 21
6 14 49 41 21 42 22
6 42 21 42 21 42 21
6 50 49 48 48 47 31
6 18 61 10 54 43 26
6 60 12 27 23 45 17
6 44 12 59 23 44 21
6 50 61 10 22 43 19
6 58 37 42 53 9 15
6 54 53 43 20 11 7
6 6 57 57 38 38 30
6 50 37 42 52 41 31
6 38 45 27 22 44 19
6 44 44 27 23 44 19
6 38 29 35 50 42 29
6 14 61 59 39 6 14
6 58 29 26 23 47 17
6 30 29 27 39 39 24
6 38 61 35 50 42 31
6 52 56 57 22 47 23
6 46 61 19 19 46 19
6 54 49 57 52 15 15
6 42 53 58 21 46 23
6 30 29 27 55 47 24
6 62 61 59 7 7 7
6 54 49 57 52 47 31
6 46 61 27 23 46 19
6 54 45 27 54 45 27
6 62 61 27 23 47 19
6 62 45 27 55 45 27
6 54 61 59 54 47 31
6 62 61 59 55 47 31
7 66 5 10 20 40 80 33
7 18 5 42 68 33 84 40
7 34 69 74 20 40 17 6
7 34 69 10 20 40 81 34
7 98 5 10 84 40 17 9
7 36 20 43 68 34 85 40
7 48 24 40 6 99 85 48
7 36 36 27 68 36 83 40
7 66 29 10 22 42 80 33
7 82 101 10 20 41 18 3
7 18 53 74 20 11 66 36
7 54 5 11 68 33 81 40
7 82 101 10 52 9 10 3
7 22 33 41 68 33 86 40
7 34 21 26 68 102 17 24
7 102 17 9 84 42 17 9
7 98 69 10 84 40 17 11
7 74 21 10 37 98 24 17
7 18 21 42 68 35 84 40
7 50 21 66 96 3 73 44
7 98 69 10 20 40 81 35
7 26 5 26 69 37 80 40
7 34 69 26 20 44 81 34
7 18 69 10 52 41 88 34
7 98 5 74 20 104 17 21
7 36 36 59 68 36 87 40
7 124 124 3 3 3 3 3
7 38 85 107 20 10 5 6
7 102 21 107 20 10 5 5
7 6 69 59 20 108 20 18
7 122 29 98 3 3 5 5
7 36 36 91 68 36 83 44
7 102 53 75 20 10 3 5
7 54 5 75 20 105 17 20
7 6 93 11 22 42 80 34
7 96 68 74 20 104 81 55
7 98 65 72 52 72 73 55
7 50 69 42 36 33 93 34
7 86 17 113 96 7 12 13
7 84 48 49 96 39 30 9
7 24 84 10 53 43 88 34
7 18 5 114 112 45 28 12
7 6 85 11 20 106 80 50
7 34 101 10 84 40 83 42
7 18 101 10 52 41 90 34
7 34 85 26 20 46 81 34
7 6 85 43 52 74 12 18
7 86 5 43 20 41 84 33
7 30 33 33 49 73 78 48
7 34 37 90 20 44 83 36
7 56 24 88 23 15 65 36
7 18 5 10 116 105 88 56
7 96 116 106 20 10 7 7
7 34 37 90 20 108 19 20
7 106 49 24 5 102 19 17
7 24 28 34 99 99 28 24
7 50 37 42 84 9 71 40
7 18 21 42 100 35 92 40
7 34 69 90 20 44 81 38
7 50 5 42 52 73 77 48
7 114 5 74 84 41 17 13
7 98 5 10 84 104 81 57
7 98 101 10 20 104 19 19
7 102 5 11 20 104 81 49
7 98 69 10 84 40 81 43
7 100 116 11 20 10 67 35
7 18 101 10 52 73 74 50
7 98 21 42 20 42 85 33
7 120 44 82 3 69 3 21
7 34 69 74 20 104 81 54
7 44 76 19 19 108 17 18
7 24 28 98 67 35 84 44
7 98 69 26 20 44 81 35
7 42 37 74 69 96 19 28
7 98 21 42 84 42 21 9
7 96 96 96 96 96 95 63
7 6 125 107 22 10 6 6
7 18 125 10 54 75 10 18
7 72 24 24 87 110 80 57
7 38 5 123 20 108 21 20
7 126 5 11 85 41 17 9
7 36 20 59 100 38 93 40
7 50 5 122 20 109 21 20
7 118 69 107 20 9 5 7
7 96 96 104 20 104 87 55
7 96 96 96 112 104 31 31
7 96 68 18 112 108 89 59
7 86 5 59 20 45 84 33
7 86 5 27 20 109 80 49
7 6 113 121 20 46 22 6
7 34 37 122 20 108 23 20
7 118 5 75 20 105 17 21
7 18 93 10 54 43 88 34
7 96 80 40 116 106 29 27
7 18 53 58 68 39 86 40
7 24 120 120 23 15 6 6
7 98 65 72 84 104 81 63
7 118 5 43 84 9 69 41
7 118 5 11 84 105 17 25
7 118 5 43 20 73 69 49
7 122 5 74 85 41 17 13
7 98 5 42 100 96 93 57
7 6 13 27 118 44 88 40
7 74 25 56 55 78 12 17
7 70 41 41 118 40 30 9
7 124 120 9 7 3 67 35
7 34 21 90 84 110 17 28
7 34 37 10 116 104 91 56
7 18 37 58 100 37 94 40
7 26 53 26 21 79 66 48
7 42 97 96 97 96 31 30
7 6 53 107 84 74 6 28
7 38 37 59 68 68 71 56
7 18 53 10 116 75 74 56
7 114 5 74 116 9 73 45
7 34 101 10 84 104 83 58
7 34 101 90 20 44 83 38
7 26 69 58 53 77 12 18
7 34 101 74 20 104 83 54
7 72 36 82 49 108 90 53
7 102 33 89 20 76 67 53
7 82 5 106 116 9 76 45
7 88 120 24 39 39 26 3
7 96 24 104 22 106 85 53
7 78 77 67 35 96 24 23
7 54 21 43 68 35 85 40
7 6 113 105 52 42 30 6
7 96 80 112 112 46 29 15
7 54 5 75 84 105 17 28
7 30 29 67 35 99 24 20
7 114 101 106 20 9 7 7
7 50 69 42 52 41 93 34
7 50 21 42 100 35 93 40
7 26 37 26 21 109 82 48
7 50 37 42 100 97 31 24
7 24 28 106 71 35 84 44
7 90 5 26 101 37 88 41
7 78 17 113 97 38 28 13
7 114 69 42 52 41 29 3
7 24 100 82 97 37 90 46
7 50 21 42 52 75 77 48
7 50 49 88 52 15 75 36
7 24 28 98 83 43 84 44
7 90 57 56 7 7 70 33
7 24 112 104 69 35 86 46
7 26 101 26 21 45 82 34
7 50 21 106 68 35 85 44
7 26 69 26 53 45 88 34
7 18 85 74 52 43 88 38
7 34 37 90 84 108 19 28
7 42 85 106 21 42 21 6
7 24 100 98 97 97 30 30
7 26 37 26 101 101 26 24
7 112 104 88 70 37 19 15
7 104 100 26 21 108 19 19
7 54 25 41 70 67 69 56
7 30 69 67 49 41 88 38
7 72 72 72 119 104 88 63
7 18 117 90 20 111 18 22
7 40 48 24 117 110 91 56
7 46 77 27 119 12 9 10
7 110 61 27 71 6 3 9
7 18 53 122 36 39 94 36
7 26 25 24 119 47 88 40
7 122 125 26 7 7 3 3
7 30 77 123 7 37 20 6
7 26 21 58 85 111 20 24
7 58 125 90 7 7 3 6
7 30 13 123 7 101 20 20
7 62 29 107 7 3 69 36
7 122 21 26 53 79 9 17
7 122 117 26 5 39 19 3
7 122 93 58 7 7 5 3
7 26 5 90 117 109 24 28
7 104 48 24 117 46 91 41
7 122 117 26 21 15 3 3
7 26 61 26 23 79 66 48
7 26 29 26 103 103 24 24
7 122 85 10 53 43 25 3
7 58 61 90 7 71 3 20
7 26 117 58 5 39 86 34
7 30 109 19 51 77 10 18
7 94 21 43 85 43 20 9
7 54 53 107 68 3 71 44
7 26 29 122 39 71 12 20
7 6 53 115 112 46 30 12
7 30 29 19 83 47 80 40
7 14 77 75 55 72 72 54
7 90 53 58 85 15 6 9
7 18 101 10 116 105 90 58
7 96 24 120 102 102 29 29
7 114 101 106 20 9 71 39
7 98 97 72 84 104 83 63
7 50 101 42 52 41 95 34
7 26 53 26 21 111 82 48
7 38 117 35 112 42 31 10
7 80 104 104 38 97 94 55
7 96 112 104 84 42 87 47
7 14 117 115 33 70 14 22
7 26 37 26 117 109 26 24
7 38 93 35 50 42 93 34
7 90 117 26 21 15 66 35
7 26 121 120 7 71 6 22
7 42 117 90 37 38 27 6
7 42 117 26 37 102 27 18
7 106 117 26 37 38 27 3
7 26 37 90 85 109 18 28
7 112 104 24 102 37 91 43
7 40 100 82 81 108 83 62
7 72 112 56 69 102 86 59
7 82 69 74 116 105 24 31
7 14 121 57 39 70 14 18
7 38 93 35 114 42 29 10
7 56 52 90 85 79 3 28
7 120 104 24 103 37 27 11
7 40 112 112 81 78 71 62
7 120 116 74 69 67 3 31
7 96 88 88 38 102 89 55
7 40 84 82 97 102 89 62
7 72 112 112 49 78 78 55
7 96 112 112 112 78 15 31
7 42 85 90 53 46 25 6
7 42 85 26 53 46 89 34
7 68 112 41 116 106 30 27
7 96 88 56 86 46 85 43
7 42 21 58 53 78 77 48
7 68 52 11 116 106 90 57
7 68 56 49 114 78 78 57
7 68 56 97 114 106 30 29
7 96 88 88 54 46 89 39
7 96 100 26 116 108 27 27
7 88 96 56 101 101 30 27
7 96 28 26 102 102 89 57
7 6 97 25 116 108 90 58
7 88 104 56 103 69 14 27
7 112 104 56 70 69 71 59
7 88 56 56 87 15 70 41
7 88 56 56 103 71 14 25
7 112 76 74 38 97 89 55
7 88 104 56 71 101 22 27
7 120 52 26 85 15 67 41
7 104 100 82 49 108 27 23
7 104 84 42 21 106 85 51
7 104 100 26 21 108 83 51
7 26 25 120 71 39 84 44
7 26 21 106 101 99 28 28
7 112 104 104 22 105 23 23
7 88 104 112 51 45 30 7
7 50 81 104 116 11 77 46
7 54 73 73 54 73 73 54
7 98 69 74 84 104 81 63
7 98 101 98 96 96 95 63
7 126 61 91 7 7 3 5
7 90 29 26 119 47 24 9
7 122 29 26 119 15 9 9
7 122 29 26 55 79 9 17
7 96 24 112 114 110 93 61
7 126 29 27 39 71 9 17
7 80 40 120 102 101 94 61
7 96 80 120 116 46 93 47
7 96 24 120 102 102 93 61
7 30 29 27 55 79 72 48
7 96 96 120 116 108 31 31
7 38 125 35 50 42 95 34
7 122 21 26 85 111 17 25
7 38 125 99 50 42 31 6
7 126 61 27 7 7 67 33
7 106 125 122 7 6 7 7
7 24 28 122 87 47 84 44
7 72 112 112 49 110 94 55
7 24 124 26 103 103 26 26
7 126 29 51 99 7 13 9
7 126 29 27 39 7 73 33
7 126 29 43 71 35 21 9
7 126 77 51 51 13 13 3
7 68 112 41 116 106 94 59
7 24 108 122 87 45 22 14
7 80 112 104 116 43 94 47
7 54 93 35 50 107 29 18
7 62 113 41 21 43 87 34
7 62 77 43 55 73 13 18
7 46 53 107 21 42 87 36
7 56 56 72 87 107 83 60
7 68 56 97 114 106 94 61
7 54 49 57 52 79 79 48
7 118 29 35 50 107 29 17
7 122 121 24 71 39 19 11
7 96 100 26 116 108 91 59
7 38 61 35 114 106 31 24
7 30 61 99 83 43 22 12
7 62 101 75 5 97 83 54
7 96 112 120 116 78 15 31
7 96 88 120 102 102 29 31
7 62 29 27 39 71 73 48
7 96 28 114 114 78 77 61
7 124 44 27 23 45 83 33
7 62 49 105 85 43 23 12
7 58 37 58 101 101 31 24
7 66 49 120 116 78 78 61
7 66 97 120 116 108 30 31
7 114 5 106 116 105 29 29
7 86 5 43 116 105 92 57
7 26 13 122 119 13 76 44
7 50 37 42 116 105 95 56
7 74 125 74 23 42 82 39
7 126 29 99 35 67 13 21
7 104 60 26 119 14 75 41
7 90 21 42 117 107 28 25
7 82 101 42 100 97 94 59
7 112 112 104 84 43 87 47
7 112 104 104 22 105 87 55
7 38 37 59 84 108 87 56
7 98 101 98 112 104 31 31
7 118 73 73 54 73 73 55
7 112 100 74 116 105 27 31
7 76 124 43 23 106 22 19
7 26 117 106 21 43 86 38
7 112 112 104 116 75 15 31
7 88 104 56 103 101 30 27
7 112 52 74 116 75 75 61
7 112 104 56 86 77 71 59
7 100 84 11 116 106 89 59
7 98 101 122 52 76 15 23
7 100 28 67 114 106 89 61
7 90 89 56 103 39 28 11
7 108 116 11 85 106 19 27
7 112 76 106 54 105 29 23
7 112 76 114 114 45 29 15
7 26 21 106 101 99 92 60
7 98 25 120 86 46 85 45
7 98 25 120 102 102 29 29
7 54 77 75 54 73 73 54
7 30 29 27 119 111 24 24
7 62 125 91 23 15 3 6
7 94 29 59 55 79 12 17
7 126 61 19 19 111 19 17
7 126 125 3 51 75 11 19
7 126 65 97 49 105 93 55
7 126 17 97 97 99 93 61
7 118 61 35 50 107 31 17
7 54 125 99 50 43 31 6
7 126 65 97 113 105 29 31
7 120 104 24 119 109 27 27
7 30 29 27 55 111 88 48
7 22 61 107 54 43 94 36
7 72 112 120 53 110 94 55
7 72 52 114 113 110 94 61
7 96 112 120 116 110 31 31
7 66 49 120 116 110 94 61
7 96 28 114 114 110 93 61
7 62 61 59 71 71 7 24
7 58 101 58 53 45 95 34
7 80 108 106 54 105 94 55
7 80 120 120 102 39 94 47
7 96 120 120 86 46 87 47
7 62 61 43 23 75 71 48
7 124 124 43 23 43 23 3
7 98 101 98 112 104 95 63
7 126 97 97 81 41 87 47
7 118 73 73 118 73 73 63
7 120 88 112 67 103 85 63
7 122 125 26 71 39 19 11
7 88 112 112 113 79 78 63
7 126 49 73 69 99 83 61
7 82 73 56 118 109 92 59
7 112 104 88 54 109 91 55
7 112 100 26 116 109 91 59
7 88 56 56 103 103 94 57
7 120 88 112 99 71 77 63
7 90 73 112 99 101 92 63
7 126 69 35 113 105 29 27
7 126 97 25 101 101 27 27
7 120 88 56 103 39 93 43
7 90 73 56 55 109 92 51
7 112 104 120 86 45 87 47
7 88 52 106 101 99 94 61
7 112 76 114 114 45 93 47
7 98 81 120 116 46 93 47
7 82 41 120 102 101 94 61
7 120 88 56 103 103 29 27
7 98 25 120 102 102 93 61
7 112 28 106 102 99 93 61
7 112 112 120 116 15 79 47
7 90 89 56 103 103 28 27
7 112 120 120 102 71 15 31
7 112 108 106 86 105 23 31
7 112 108 90 54 77 75 55
7 56 116 106 85 75 71 62
7 56 120 120 71 71 71 62
7 102 77 27 54 108 89 51
7 120 120 120 71 39 23 15
7 126 125 3 115 11 75 43
7 126 97 17 113 109 91 59
7 122 97 24 117 109 91 59
7 120 120 24 119 111 27 27
7 58 117 58 53 47 95 34
7 106 105 80 115 108 91 63
7 114 105 24 118 109 91 59
7 68 120 57 118 110 94 59
7 120 120 24 103 103 91 59
7 56 56 56 119 111 95 56
7 88 56 56 119 111 94 57
7 62 109 91 119 13 11 14
7 30 57 89 119 111 26 28
7 30 29 27 119 111 88 56
7 90 69 122 85 109 84 63
7 90 73 112 115 109 92 63
7 120 120 112 67 103 87 63
7 110 77 75 87 104 81 63
7 120 112 112 113 79 79 63
7 112 76 58 118 109 93 59
7 120 88 56 103 103 93 59
7 122 89 56 87 79 69 59
7 126 97 113 113 77 15 31
7 90 89 112 99 103 92 63
7 106 89 112 115 78 77 63
7 106 89 56 87 110 85 59
7 76 120 113 51 110 94 55
7 112 120 120 102 103 31 31
7 120 120 56 87 79 71 59
7 90 89 56 103 103 92 59
7 112 108 90 54 109 91 55
7 14 113 113 113 110 94 62
7 78 113 105 85 106 86 63
7 78 113 113 113 78 78 63
7 120 116 106 85 43 87 47
7 120 120 120 87 47 23 15
7 58 57 120 87 79 71 60
7 114 101 106 116 105 31 31
7 120 120 96 115 107 95 63
7 126 65 57 117 109 93 59
7 96 124 122 118 110 31 31
7 120 56 56 119 111 95 57
7 120 104 112 115 109 95 63
7 126 97 25 117 109 91 59
7 120 120 112 99 103 95 63
7 106 105 112 115 108 95 63
7 106 89 112 115 110 93 63
7 126 73 113 51 109 93 55
7 120 120 112 115 79 79 63
7 122 89 56 103 103 93 59
7 122 121 56 87 79 71 59
7 126 125 99 83 43 23 15
7 126 113 105 85 43 87 47
7 126 113 113 113 15 79 47
7 114 113 120 116 79 79 63
7 90 57 120 103 103 94 61
7 122 57 120 87 79 71 61
7 120 120 120 103 103 31 31
7 62 125 123 55 47 31 6
7 126 125 123 7 103 23 23
7 122 105 112 115 109 95 63
7 122 121 112 115 79 79 63
7 58 57 120 119 111 95 60
7 106 113 120 117 110 95 63
7 120 120 120 103 103 95 63
7 122 113 120 117 79 79 63
7 122 121 120 71 103 87 63
7 120 124 122 103 103 31 31
7 126 125 59 55 47 95 35
7 126 125 123 119 15 15 15
7 126 53 123 85 111 87 61
7 110 125 27 119 110 91 59
7 94 121 121 103 103 94 63
7 126 125 27 119 111 91 59
7 110 125 123 87 110 87 63
7 110 125 123 119 110 95 63
7 126 125 123 119 111 95 63
